2. You would need 2 latches or flipflops



3.

States | F1 | F0 |
------------------
1      | 0  | 0  |
2      | 0  | 1  |
4      | 1  | 0  |
8      | 1  | 1  |


   |clk | F1 | F0 || F1* | F0* | A |
   ---------------------------------
   | 0  | 0  | 0  ||  0  | 1   | 0 |
   | 0  | 0  | 1  ||  1  | 0   | 1 |
   | 0  | 1  | 0  ||  1  | 1   | 0 |
   | 0  | 1  | 1  ||  0  | 0   | 1 |
   | 1  | 0  | 0  ||  0	 | 1   | 0 |
   | 1	| 0  | 1  ||  1  | 0   | 1 |
   | 1	| 1  | 0  ||  1	 | 1   | 0 |
   | 1	| 1  | 1  ||  0	 | 0   | 1 |

4. A = F0

5 F0* = !F0
